B00156DXGR 0 121.4318 31.036391
B00155FCS6 0 121.409224 31.043296
B0015573EF 0 121.464323 31.043214
B00155QOOL 0 121.409599 31.016823
B00155IHI7 0 121.468504 31.042082
B00155E0RB 0 121.43556 31.03193
B001557YKQ 0 121.402824 31.026714
B00155L4WF 0 121.396785 31.037256
B001558ZVK 0 121.413887 31.044545
B00155DH57 0 121.40583 31.041569
B001557ODL 0 121.472707 31.043336
B00156ELC1 0 121.432462 31.034929
B00156F34C 0 121.408985 31.016734
B00156DXH0 0 121.410011 31.043455
B00155E16K 0 121.464168 31.043532
B00155Q4XZ 0 121.451029 31.036943
B00155CZ9A 0 121.417415 31.028892
B00156DXF0 0 121.464954 31.039052
B00155QORB 0 121.409227 31.036297
B001558ZVB 0 121.413037 31.044876
B0015587JY 0 121.407607 31.042939
B00155DITB 0 121.38322 31.032611
B00155EEZS 0 121.466404 31.041415
B00155D6HT 0 121.408218 31.040409
B00155QOQO 0 121.40222 31.021633
B00155QOIE 0 121.390922 31.025844
B00156D3SP 0 121.40828 31.01995
B00156D3Q2 0 121.474678 31.044023
B00156F3DB 0 121.419365 31.018521
B00154EZZT 0 121.405793 31.03498
B00155CYA3 0 121.419546 31.020951
B00155QPP3 0 121.416677 31.036391
B00155QPOR 0 121.420468 31.02938
B00155BMFM 0 121.404075 31.033877
B00155BENX 0 121.405725 31.04151
B00155D7N6 0 121.410332 31.040367
B00155Q4W1 0 121.458472 31.020111
B00156DXIP 0 121.464803 31.039542
B00155QOC6 0 121.430844 31.016979
B00155QVFH 0 121.467135 31.045264
B00155QU82 0 121.466017 31.037797
B00155QVBH 0 121.46352 31.044434
B0015584D2 0 121.476207 31.038433
B001557OH5 0 121.416029 31.029661
B00156ENQK 0 121.46441 31.032993
B00156F45A 0 121.420553 31.025945
B00155DL2V 0 121.401484 31.031964
B00156DXAO 0 121.458468 31.03575
B00155CER6 0 121.413494 31.0445
B00155QV7U 0 121.468186 31.040137
B00155CZVC 0 121.410614 31.040897
B00155EXDS 0 121.410118 31.040284
B00156DXSM 0 121.430365 31.038531
B00155DFPV 0 121.41262 31.032928
B00155CWIW 0 121.410728 31.040948
B00155C8OU 0 121.421386 31.029409
B00156DFMJ 0 121.467429 31.04246
B00155QRC6 0 121.461842 31.042288
B00155QVHP 0 121.46136 31.042569
B00154KQNU 0 121.413078 31.037696
B00156DXC1 0 121.468227 31.039519
B00155Q6GW 0 121.449565 31.026295
B00155DBL1 0 121.410397 31.040406
B001557OFE 0 121.465353 31.042929
B001557H2J 0 121.464741 31.04327
B00155IW4G 0 121.462661 31.041861
B001556OWF 0 121.465758 31.041197
B0015582NF 0 121.464444 31.042779
B0015586ID 0 121.465622 31.043489
B00155QOG1 0 121.414336 31.035561
B00155D31E 0 121.411845 31.037426
B0015579LZ 0 121.465765 31.043016
B00155CGX9 0 121.418002 31.026264
B00154NWS8 0 121.41449 31.045053
B00155839B 0 121.467262 31.044742
B00155QVI6 0 121.461941 31.042293
B00154QPDX 0 121.387299 31.032891
B00155E6PA 0 121.466473 31.041436
B00155QWRE 0 121.46904 31.04217
B00156DY2N 0 121.40964 31.044463
B00155QPKS 0 121.40413 31.041196
B0015571FY 0 121.429393 31.016546
B00156DY5H 0 121.415822 31.030084
B00155F0YL 0 121.464154 31.043587
B00154LPTK 0 121.428395 31.029619
B00156DXDE 0 121.415765 31.030251
B00155CI3X 0 121.406027 31.036303
B00155E6KF 0 121.467657 31.043282
B001558F97 0 121.40293 31.026449
B00155QPD8 0 121.390643 31.025766
B00155QORE 0 121.404133 31.041195
B00156DYYJ 0 121.431938 31.015893
B00155APZR 0 121.43068 31.035171
B00155CW6Z 0 121.413818 31.035093
B00156DY5E 0 121.464809 31.039508
B00156DXDA 0 121.392024 31.02617
B00156E59M 0 121.468802 31.039135
B00155E366 0 121.413819 31.03
B00155QO6V 0 121.416971 31.036491
B00155QT22 0 121.462715 31.042455
B00155581W 0 121.406307 31.035178
B00155IV2Q 0 121.457644 31.029317
B001558GQN 0 121.390683 31.025782
B00155QOPR 0 121.404148 31.041208
B001502078 0 121.442483 31.03311
B00155CXIF 0 121.439426 31.043692
B00155EVUC 0 121.413863 31.035428
B001556TRR 0 121.408895 31.043576
B001559Y02 0 121.405783 31.041552
B001557386 0 121.38886 31.033193
B001552CC1 0 121.426712 31.041481
B00155L4WL 0 121.409765 31.040541
B00155Q4W0 0 121.458177 31.020686
B00155QOQ1 0 121.408816 31.028239
B00156DFYG 0 121.407827 31.02113
B001556ZVK 0 121.475262 31.023655
B001557OAN 0 121.398979 31.038715
B001557F0R 0 121.398302 31.037657
B00156DXIO 0 121.430974 31.04151
B00156DXDL 0 121.408529 31.019623
B00156DX7M 0 121.420062 31.016094
B00156DYA3 0 121.475443 31.024382
B001556WL0 0 121.409124 31.043658
B00156D40O 0 121.392739 31.025618
B00155F64J 0 121.467518 31.043882
B001557U02 0 121.471446 31.043092
B00155E27Y 0 121.464607 31.041929
B00156DFYO 0 121.471434 31.043095
B00155AGSD 0 121.410894 31.04454
B00155QPQZ 0 121.428895 31.016381
B00155CI2Z 0 121.407303 31.039531
B00155QOVG 0 121.407642 31.02158
B00155DGRU 0 121.420126 31.020879
B001502F86 0 121.410338 31.041613
B00155DK03 0 121.408313 31.039932
B00155DKVH 0 121.410073 31.040261
B00154YK9C 0 121.426742 31.029089
B00156DXPP 0 121.41916 31.018319
B001556WKY 0 121.390854 31.025826
B00156DGTI 0 121.467698 31.043188
B00155N7RE 0 121.419936 31.020079
B001556UW4 0 121.391171 31.019499
B00155895M 0 121.408598 31.028678
B00155IW4H 0 121.462463 31.042786
B00155QUJ5 0 121.470043 31.042402
B001556WMV 0 121.431292 31.016404
B00155QPIY 0 121.409242 31.016069
B00155QP5F 0 121.42138 31.032458
B00155QVJ7 0 121.476315 31.038012
B00155Q441 0 121.41304 31.025112
B00155L1ZR 0 121.452913 31.022679
B00156DY5A 0 121.474122 31.044519
B00155QO8G 0 121.428112 31.02954
B00155ELOP 0 121.46352 31.044391
B00155QV4W 0 121.468338 31.042681
B00155QRAO 0 121.467498 31.043976
B00154TSRC 0 121.410744 31.028991
B00155QVNJ 0 121.47166 31.043132
B001556ISB 0 121.465983 31.043077
B00154ZKSD 0 121.401686 31.040364
B00155QONP 0 121.419729 31.020535
B00156D3O0 0 121.447157 31.035734
B00155QRRI 0 121.461297 31.04218
B00155CZNE 0 121.442184 31.035738
B00155QRRL 0 121.451394 31.042058
B00155DKSG 0 121.410017 31.040638
B001556ZR2 0 121.424264 31.028315
B00155EE7O 0 121.461335 31.042181
B001559EX0 0 121.41145 31.032432
B00154D5BR 0 121.452037 31.037484
B001556V6M 0 121.391993 31.026151
B00156DXRJ 0 121.432639 31.037911
B00155D3BG 0 121.420694 31.027174
B00155922B 0 121.420532 31.029178
B00155E39B 0 121.467651 31.04338
B001557FAN 0 121.402593 31.027329
B0015579TZ 0 121.397057 31.019725
B00155CYCW 0 121.408823 31.040139
B00155R0UG 0 121.410471 31.042277
B00155QOBN 0 121.432607 31.017533
B00155QPI9 0 121.426051 31.028881
B00155QT3H 0 121.47309 31.043414
B00155QU27 0 121.410545 31.042072
B00155QFRM 0 121.415177 31.022249
B00155K8Y1 0 121.448346 31.02906
B00155QSPR 0 121.464638 31.041839
B00156DFZ3 0 121.453085 31.032276
B00155CK1E 0 121.414256 31.030541
B00155QXN4 0 121.408275 31.045358
B00156E2ZQ 0 121.428144 31.016085
B00150207B 0 121.383687 31.016476
B001556PRQ 0 121.464622 31.043249
B00156DFYI 0 121.402036 31.028433
B00155EEA2 0 121.467123 31.045311
B00155Q4XI 0 121.463444 31.018794
B0015592UN 0 121.407224 31.030749
B00155D6DM 0 121.421479 31.029426
B00155DCAB 0 121.420128 31.020883
B00156EOII 0 121.468347 31.038502
B00155D0C5 0 121.442181 31.035732
B00155C6WD 0 121.407767 31.042585
B001557QCS 0 121.382508 31.033183
B00155QCCW 0 121.428221 31.015878
B00155QWIN 0 121.468255 31.042899
B00156DFYP 0 121.465024 31.041336
B00155FD61 0 121.467937 31.044067
B00155F9BQ 0 121.46475 31.041353
B00155E7B5 0 121.467904 31.044152
B001556TDU 0 121.476089 31.039604
B0015584JZ 0 121.392149 31.026187
B00156DFYN 0 121.474893 31.043743
B00155CZQ0 0 121.40732 31.042805
B00155805M 0 121.476262 31.038239
B00155QPB0 0 121.42058 31.029419
B00156DXGC 0 121.428427 31.016232
B00155N1IL 0 121.467428 31.044209
B00155QU83 0 121.465899 31.037789
B00156ELYD 0 121.439966 31.041277
B001559PHX 0 121.407651 31.039667
B00154ZEMR 0 121.40124 31.040217
B0015579X5 0 121.397233 31.019772
B00156D3ZY 0 121.475955 31.043997
B00155DBSO 0 121.420122 31.029058
B001556QUV 0 121.432024 31.015619
B001556M5E 0 121.416264 31.029163
B00155E6H1 0 121.467412 31.044281
B00155QV9G 0 121.468346 31.038571
B001558ZVF 0 121.413098 31.044898
B00155QOS0 0 121.412782 31.033471
B00156DXXX 0 121.408411 31.019695
B00155F1LA 0 121.463973 31.042696
B00156DXTD 0 121.392082 31.026185
B00156DXSG 0 121.461063 31.042517
B00155DJ7W 0 121.41016 31.040698
B001502076 0 121.47211 31.022768
B001553480 0 121.467656 31.045184
B001557QP3 0 121.406739 31.042491
B00155D8N7 0 121.413284 31.035028
B00154NIYT 0 121.415038 31.03208
B00155QSQG 0 121.472313 31.043301
B00156DFYQ 0 121.422799 31.027816
B00155D8EE 0 121.408341 31.03994
B00156DXGZ 0 121.421568 31.037992
B00155QSH0 0 121.438308 31.045046
B00156D3QZ 0 121.403503 31.021526
B00155CYFO 0 121.398772 31.038562
B00155QOGD 0 121.428451 31.01622
B00155QWIV 0 121.462171 31.042346
B001557LZ9 0 121.464252 31.043189
B001557KDV 0 121.465704 31.043502
B0015584X9 0 121.407086 31.027667
B00155ET8H 0 121.409973 31.040616
B001557F0H 0 121.428239 31.015843
B0015595VC 0 121.407212 31.042748
B00156EDKB 0 121.433555 31.018539
B00155EFHI 0 121.402555 31.027374
B00155QO8F 0 121.414045 31.036956
B00155CJSH 0 121.414247 31.030538
B00153AA55 0 121.416143 31.03597
B00155DID8 0 121.422726 31.02977
B00155Q4XK 0 121.451234 31.020432
B00154YG1E 0 121.43833 31.045108
B00155QVH3 0 121.464101 31.043867
B00155EPYA 0 121.46513 31.041361
B00155QOS3 0 121.404131 31.041198
B00156DY6X 0 121.409462 31.019978
B00156DXNG 0 121.409491 31.044914
B00156DXNE 0 121.396362 31.027446
B00156D3Z4 0 121.409136 31.01636
B00156DY8N 0 121.468245 31.03955
B00155DCKO 0 121.410888 31.041023
B00155QOR4 0 121.409255 31.036316
B00155CCDB 0 121.461204 31.042162
B0015579BZ 0 121.436498 31.022658
B00155E8MY 0 121.406246 31.02777
B001559YE6 0 121.383719 31.032737
B00155BX0W 0 121.399288 31.038389
B001557LI8 0 121.466496 31.043166
B00155QEH5 0 121.429584 31.016595
B00155QUKG 0 121.472618 31.043322
B00155D5Y3 0 121.409016 31.043175
B00155D62G 0 121.388579 31.027774
B001558ERU 0 121.463805 31.043325
B00155QPTA 0 121.426055 31.028884
B001558ADZ 0 121.467162 31.0452
B00156F2PT 0 121.405269 31.015942
B00155D6HU 0 121.410781 31.040972
B001558G40 0 121.408599 31.028676
B0015590BM 0 121.405295 31.041756
B00155EPGS 0 121.462654 31.042443
B00155QVEW 0 121.463795 31.043408
B00155QOCA 0 121.399183 31.038861
B00155QUKY 0 121.461734 31.042268
B00155QXKD 0 121.408361 31.019783
B001557RON 0 121.464985 31.043326
B00155EQ8H 0 121.46464 31.041783
B00155QONH 0 121.421427 31.037131
B00156ELMC 0 121.462089 31.042703
B00155DKY7 0 121.408575 31.040033
B00155QO50 0 121.430023 31.016737
B00155EOYX 0 121.46831 31.042735
B00155QQPQ 0 121.46623 31.04136
B00155EFHT 0 121.408244 31.039892
B00156F4LE 0 121.39595 31.019038
B00155QG4I 0 121.431365 31.023168
B00156EM0M 0 121.468346 31.038411
B0015020FE 0 121.472978 31.043747
B00155N7RF 0 121.415043 31.032077
B00156DXJO 0 121.464942 31.039114
B00156F4KP 0 121.404413 31.01595
B00155DI0X 0 121.404668 31.040991
B00154UP3C 0 121.414836 31.032604
B00155QV2D 0 121.468878 31.042549
B00156DYUU 0 121.431976 31.017049
B001556RIK 0 121.464629 31.042819
B00155N7RH 0 121.414877 31.03254
B00156DX8M 0 121.416054 31.029621
B00156F3ED 0 121.430994 31.016995
B00155QU8B 0 121.438716 31.044257
B00154DWNF 0 121.469062 31.042183
B001556OO0 0 121.382524 31.033195
B00155QO6B 0 121.419971 31.01634
B00155DFDH 0 121.40451 31.040914
B00156D3ZN 0 121.402007 31.028517
B00156DX5S 0 121.466753 31.037897
B00156EKCY 0 121.458943 31.029829
B00155QV0U 0 121.461428 31.04221
B00155QRTV 0 121.462102 31.042342
B00156DXPG 0 121.464915 31.039338
B00155CEAP 0 121.410843 31.044517
B00155QWM5 0 121.46398 31.040613
B00156F2WR 0 121.395956 31.019043
B00155D8ET 0 121.383542 31.032686
B00155DK43 0 121.41029 31.040757
B001556XCX 0 121.464824 31.042834
B00155QV7E 0 121.464683 31.041681
B00156EKE2 0 121.435646 31.030664
B001558GG8 0 121.428199 31.015899
B0015589PF 0 121.403117 31.026091
B00156D3DM 0 121.420543 31.01565
B001557F0Q 0 121.406318 31.04227
B00155C61P 0 121.417722 31.026188
B00155QSWL 0 121.458295 31.035724
B0015579MN 0 121.473591 31.043109
B00155BQ2M 0 121.41075 31.044474
B00156D79C 0 121.391306 31.025945
B00155D71F 0 121.399063 31.038217
B00155D816 0 121.410023 31.040237
B0015519SD 0 121.444124 31.034712
B00154EPU4 0 121.427811 31.029435
B001557WH9 0 121.46723 31.044867
B00155422X 0 121.464008 31.044227
B00155QO74 0 121.420229 31.029289
B00155QP5T 0 121.420151 31.029267
B00155CEDB 0 121.406859 31.03934
B001556QQR 0 121.431801 31.016256
B00155F53D 0 121.468334 31.042644
B00155QSZO 0 121.468852 31.042141
B00156DXY3 0 121.466603 31.037478
B00155IVKB 0 121.451715 31.031648
B00156DXIN 0 121.461686 31.042629
B00156DFYV 0 121.42686 31.029131
B001503245 0 121.397285 31.037421
B00155QV0T 0 121.45837 31.035729
B00155QWKC 0 121.467213 31.044975
B00155EOQA 0 121.382593 31.033211
B00155E39W 0 121.397983 31.037393
B00155QP27 0 121.421396 31.037242
B001557RKQ 0 121.404302 31.024784
B00155N73M 0 121.414878 31.032542
B00155A4XK 0 121.401658 31.039893
B001557E0U 0 121.46688 31.041975
B00155F9BL 0 121.463477 31.044555
B00155QV8Z 0 121.467681 31.044981
B00156D3SI 0 121.408977 31.018169
B001558DZ7 0 121.402948 31.027447
B00155AMF0 0 121.413145 31.033647
B00155QHJO 0 121.419899 31.016498
B00155QPD6 0 121.393573 31.026621
B00155QOW3 0 121.417119 31.036578
B00156DFMH 0 121.466462 31.041447
B001556NR1 0 121.452004 31.037218
B00155QORA 0 121.411594 31.029207
B00155QUIW 0 121.470316 31.042456
B00155QWQ8 0 121.463643 31.040182
B00156DXGL 0 121.450707 31.019039
B00155F2OH 0 121.467432 31.04424
B00155QPQF 0 121.430629 31.01692
B00156DXSH 0 121.468247 31.039613
B00156E5V4 0 121.468335 31.038752
B00156EKER 0 121.463722 31.043815
B00155QV6G 0 121.468778 31.042536
B0015579YL 0 121.39823 31.037618
B00155DIWP 0 121.383615 31.032713
B00155QSRC 0 121.476118 31.038725
B00155C2F2 0 121.426729 31.045033
B00155KTIY 0 121.437052 31.024492
B0015585MX 0 121.46797 31.044017
B001557WBM 0 121.410755 31.028992
B00155E76B 0 121.404188 31.026587
B00154RIZB 0 121.39922 31.03891
B00155CYA2 0 121.419602 31.020855
B00156E2Y7 0 121.426561 31.015644
B00155D988 0 121.412166 31.033286
B0015589FR 0 121.468193 31.039814
B001556YTK 0 121.383113 31.032765
B00155L1Q2 0 121.40542 31.04116
B001557T0P 0 121.466742 31.043216
B00155E16L 0 121.464558 31.042104
B001557WA4 0 121.465837 31.043029
B001559YJB 0 121.388986 31.026682
B00155EH4S 0 121.404947 31.034224
B00155QVBV 0 121.467675 31.045011
B00156DXZL 0 121.458445 31.035751
B00155882I 0 121.468153 31.039966
B00155G38O 0 121.468888 31.042542
B00155805H 0 121.467202 31.045025
B001557FPD 0 121.398677 31.038487
B001557G78 0 121.398159 31.037563
B001559RTM 0 121.415017 31.045121
B00155QU0I 0 121.472508 31.043308
B00156DXC5 0 121.458487 31.03575
B0015579AJ 0 121.427259 31.023724
B00155QVI2 0 121.458819 31.035788
B00154JZCX 0 121.416326 31.029982
B001556O0D 0 121.408537 31.043409
B001559QHS 0 121.407343 31.042244
B00155EDLU 0 121.463174 31.042531
B00155QPAP 0 121.420178 31.037632
B001559OAG 0 121.406947 31.039376
B00155QVKB 0 121.464109 31.043812
B00155DIDS 0 121.408438 31.042879
B0015584I2 0 121.425614 31.023285
B00156EL0G 0 121.461462 31.042256
B00154J71K 0 121.413795 31.032893
B00155F2OU 0 121.464623 31.041842
B00155A8X2 0 121.408286 31.038794
B00156F3EH 0 121.429737 31.016626
B00155K8Y4 0 121.421227 31.029358
B001503244 0 121.393985 31.037101
B00155F2OF 0 121.467491 31.043924
B00155QYKK 0 121.395701 31.043316
B00152EEF7 0 121.396015 31.043807
B00155DGUP 0 121.413948 31.034784
B00155F9BN 0 121.467649 31.043329
B00155QUEL 0 121.467016 31.042327
B00155QS4M 0 121.460852 31.042467
B001556UYC 0 121.434686 31.031686
B001558GQL 0 121.385067 31.016569
B00154NL40 0 121.420431 31.01877
B00155EVO9 0 121.414618 31.044574
B00155QV9I 0 121.474927 31.041207
B00155QVE9 0 121.461825 31.042662
B00155DJYI 0 121.463908 31.040596
B00155EXH4 0 121.467754 31.043004
B00155QOPW 0 121.413812 31.029978
B00155CWDM 0 121.408622 31.040054
B001556X4Z 0 121.391181 31.02592
B00154X7TE 0 121.409923 31.029113
B00154QVPH 0 121.415287 31.03143
B00155F2OK 0 121.464126 31.04373
B00155Q4X1 0 121.457725 31.018257
B00156D40X 0 121.46878 31.039593
B00155QONR 0 121.426509 31.015625
B00150710C 0 121.46383 31.041241
B00150205D 0 121.45086 31.037031
B00156DWVB 0 121.434624 31.018097
B00154JT9R 0 121.41505 31.032084
B00155B4QR 0 121.431109 31.042258
B001556OH0 0 121.466057 31.043086
B001557VE8 0 121.402798 31.026763
B00155EC0E 0 121.466107 31.041736
B00154IEEQ 0 121.402854 31.040704
B00155DC0K 0 121.410303 31.040358
B00155F511 0 121.46831 31.04281
B00155QUIA 0 121.469553 31.042306
B00155C3I8 0 121.463433 31.0445
B00155QRCT 0 121.447295 31.020022
B00154JNBA 0 121.414511 31.045074
B00155QV9E 0 121.421472 31.03182
B00156DX4N 0 121.429653 31.040032
B00155D68V 0 121.410234 31.04033
B001556TOK 0 121.391175 31.019497
B00155FACR 0 121.467724 31.043138
B001557F0J 0 121.472772 31.043362
B00155QPKI 0 121.401937 31.028655
B00155QVL0 0 121.463777 31.040219
B00155QU4K 0 121.463778 31.043484
B00156EG8N 0 121.409687 31.044442
B00155D65N 0 121.422549 31.029741
B00155829B 0 121.465527 31.042984
B00155CE4H 0 121.413541 31.044949
B00150206E 0 121.403725 31.041071
B00155QIR7 0 121.419728 31.017063
B00155QO5D 0 121.406591 31.042416
B001554VHL 0 121.40589 31.03456
B00155A54Z 0 121.466617 31.041899
B00154QVBF 0 121.390304 31.021803
B00155QS4J 0 121.474577 31.042812
B001557KEX 0 121.468178 31.040011
B00156DXM2 0 121.413698 31.021644
B00155DK04 0 121.402866 31.026576
B0015020BA 0 121.454298 31.037995
B001556Q98 0 121.383165 31.032623
B00155D4P8 0 121.420283 31.029091
B00155QPTK 0 121.397487 31.03754
B00156ELH7 0 121.432785 31.037643
B0015589B2 0 121.453889 31.037865
B001559XD8 0 121.413266 31.044476
B001559Z7K 0 121.41109 31.044111
B00155DK7F 0 121.40908 31.043204
B00155F449 0 121.467632 31.043427
B00156DXO3 0 121.427137 31.039641
B001556RTV 0 121.418803 31.026508
B001558C6S 0 121.402622 31.027172
B00154DV1U 0 121.391297 31.035208
B00155QYLD 0 121.389562 31.03372
B00155DGXM 0 121.413217 31.035195
B00155QCVO 0 121.426411 31.015594
B00155LPGC 0 121.415799 31.041388
B00155812F 0 121.466892 31.037427
B00155DK05 0 121.421163 31.029351
B00155F4IC 0 121.46343 31.044644
B00155A758 0 121.409474 31.039327
B00155QT79 0 121.471938 31.043171
B00155B2U2 0 121.405733 31.041972
B00156DXD5 0 121.459146 31.035816
B00155CX8D 0 121.408405 31.039974
B001556O1R 0 121.465167 31.0429
B00156DYAR 0 121.41983 31.016631
B00155L1ZQ 0 121.432958 31.017634
B00155A561 0 121.406941 31.039377
B00155QXOA 0 121.407679 31.021468
B00155DCJU 0 121.410855 31.041013
B001557F0M 0 121.391687 31.026074
B001556O0E 0 121.409698 31.044406
B00155QWIA 0 121.4627 31.042458
B00155QXI4 0 121.408336 31.019884
B00156D3ZM 0 121.398056 31.037473
B001558EAR 0 121.476168 31.038553
B001557WEU 0 121.402947 31.026466
B00155N7RD 0 121.419946 31.020083
B00155QFRO 0 121.419839 31.016743
B00155QPD4 0 121.394545 31.026899
B00155QX9L 0 121.470236 31.042443
B001558EFZ 0 121.402924 31.027501
B00155AOPO 0 121.413118 31.044466
B001556SDE 0 121.466322 31.043135
B001558GO7 0 121.468329 31.038787
B00155EWNZ 0 121.464399 31.042784
B00156DXPW 0 121.421965 31.045083
B00156DFRJ 0 121.408713 31.017308
B00156F2PX 0 121.41372 31.021533
B00155D8O6 0 121.413848 31.035055
B00155D3EC 0 121.410333 31.040771
B0015571WZ 0 121.46607 31.043594
B00155EC0K 0 121.463462 31.044579
B00155KWCA 0 121.403658 31.025808
B00156DFYY 0 121.398826 31.038054
B0015596LJ 0 121.408982 31.036254
B001553LXT 0 121.432983 31.033732
B00156F3SU 0 121.430655 31.016921
B00154QYH7 0 121.464207 31.0434
B00156DXGW 0 121.465377 31.03093
B0015580F6 0 121.472032 31.043201
B00156DY5C 0 121.432453 31.034923
B00156ELRV 0 121.408341 31.042796
B00155CI1R 0 121.410225 31.032396
B0015020A6 0 121.44887 31.035342
B00155QSQQ 0 121.462758 31.042845
B00155DSRO 0 121.397617 31.038074
B001557KYW 0 121.464862 31.043293
B001557BS4 0 121.459819 31.043585
B00155D9VG 0 121.413778 31.035162
B001507104 0 121.452971 31.042401
B00156ENO1 0 121.459516 31.01767
B00156EPEL 0 121.457627 31.029303
B001558CP6 0 121.464361 31.041236
B00155Q4XG 0 121.463165 31.019478
B00155QSXM 0 121.468227 31.03971
B00154G8HA 0 121.419653 31.021316
B0015583W8 0 121.465077 31.042887
B00155QO9K 0 121.417801 31.036507
B0015574H8 0 121.471493 31.034361
B00155DHPM 0 121.442196 31.035744
B0015584XA 0 121.406233 31.042245
B00155D653 0 121.413444 31.033328
B0015020B2 0 121.474644 31.025301
B00155BRDD 0 121.41507 31.045129
B00155QVJN 0 121.463998 31.042674
B00155BJYB 0 121.401219 31.030108
B00155F2OS 0 121.468117 31.043498
B00155QU1U 0 121.463703 31.043865
B00156D3ZZ 0 121.474143 31.043589
B00156ED5C 0 121.45909 31.032794
B001558H2X 0 121.409913 31.029106
B00155F2OE 0 121.463477 31.044514
B00155Q4WK 0 121.45651 31.01634
B00155QV2I 0 121.474993 31.043778
B00155L1Q5 0 121.40702 31.039807
B00155D7RD 0 121.410132 31.040699
B0015519RK 0 121.426801 31.029115
B00156DFQO 0 121.403568 31.021557
B00155CXMC 0 121.409952 31.040617
B001558DV8 0 121.407525 31.042911
B00155QURP 0 121.465097 31.041373
B00155E6FQ 0 121.467671 31.043329
B00155F45K 0 121.409923 31.029114
B00155QVAH 0 121.462614 31.042818
B00155QOBM 0 121.420336 31.029331
B00156DY8I 0 121.473967 31.04318
B0015585JP 0 121.431162 31.016686
B00155DDC4 0 121.410923 31.041033
B0015409AE 0 121.444884 31.034194
B00154ZLFG 0 121.407349 31.042261
B00155BK0C 0 121.405941 31.042089
B00155QOJ6 0 121.417058 31.036544
B00155QR32 0 121.460889 31.042097
B00155ETXR 0 121.464411 31.042705
B00155QR31 0 121.45857 31.035775
B00155QOE8 0 121.431766 31.016346
B00155F7O2 0 121.46477 31.041302
B00155QTO8 0 121.465533 31.041518
B00154TTYD 0 121.42288 31.027867
B00155E7N5 0 121.467707 31.043152
B00155QVIC 0 121.463639 31.043018
B00155DJBC 0 121.393169 31.035049
B00155QOTM 0 121.426873 31.029141
B00155EHPJ 0 121.466523 31.041449
B00156DXSJ 0 121.39484 31.026968
B00155D8OI 0 121.415845 31.030021
B001554NU2 0 121.428724 31.037828
B00155E1QV 0 121.407455 31.042325
B00154DWQ2 0 121.467664 31.043083
B0015579TW 0 121.409326 31.043783
B00155QV7Y 0 121.460811 31.042074
B001557S7B 0 121.429034 31.016426
B00154EQ9A 0 121.397437 31.040819
B00156D3DL 0 121.420371 31.016073
B00155QUFU 0 121.474284 31.043608
B00155DC4R 0 121.403593 31.026007
B00155BEQ3 0 121.412909 31.033542
B00155C83L 0 121.413479 31.044928
B00155EDSQ 0 121.463477 31.04449
B00155QWSZ 0 121.467166 31.04509
B001551Q2C 0 121.430676 31.035176
B00155QOCE 0 121.394718 31.02694
B00155QVG0 0 121.461613 31.042614
B00156DXJK 0 121.468123 31.037671
B00154HJ0P 0 121.388738 31.027289
B00156DZ7E 0 121.431195 31.016525
B00150753C 0 121.46456 31.039945
B00155ECJB 0 121.463994 31.044335
B001557NQR 0 121.466382 31.043145
B0015571GE 0 121.466119 31.043093
B00156E0UH 0 121.434112 31.017718
B00154XNNZ 0 121.406308 31.035177
B00155QUCF 0 121.463816 31.040234
B00155DKUX 0 121.405792 31.040496
B00155CI7N 0 121.415281 31.031451
B00155QIKG 0 121.43118 31.023332
B00155QOTE 0 121.41725 31.036625
B00156DYT0 0 121.433805 31.01791
B001556V4H 0 121.465966 31.043566
B00155F8RA 0 121.420032 31.016181
B00155JZJ2 0 121.401601 31.029113
B00156ELYE 0 121.430245 31.042661
B00155ALK6 0 121.414999 31.045133
B00155EH8T 0 121.464606 31.041999
B00155QOKG 0 121.420518 31.029398
B00155QS6O 0 121.468752 31.042125
B00155QU23 0 121.471775 31.043158
B00155QJSH 0 121.431962 31.017232
B001558HXO 0 121.468949 31.042562
B00155QOCR 0 121.406662 31.042453
B00155QOM0 0 121.420428 31.037753
B00156DY43 0 121.457581 31.035633
B00156F2PR 0 121.399589 31.016194
B00155AIXZ 0 121.428538 31.042475
B00156DFYT 0 121.39823 31.039217
B001558AKG 0 121.429123 31.01646
B001557E1Z 0 121.408596 31.028681
B00155QRES 0 121.468324 31.038816
B00155E83A 0 121.466985 31.041609
B001557W5P 0 121.390735 31.025801
B00155BOHR 0 121.406415 31.04231
B00154W9G1 0 121.415782 31.030256
B00155LSF5 0 121.466277 31.041773
B0015550OX 0 121.467438 31.044125
B00155G39W 0 121.463815 31.043298
B00156DY8K 0 121.432164 31.039866
B00155EWCS 0 121.428258 31.01581
B00155QOIF 0 121.395185 31.027058
B00156DXY2 0 121.432464 31.034934
B001557TJT 0 121.402652 31.027131
B00155EP2D 0 121.464905 31.041306
B001556VK8 0 121.466831 31.043238
B00155D97E 0 121.433379 31.037392
B00155K8Y3 0 121.452806 31.02253
B00155QIR8 0 121.392584 31.017204
B00155QOOX 0 121.420449 31.029372
B00156DXAL 0 121.47456 31.042863
B00156F4M2 0 121.430395 31.016831
B00155QOP7 0 121.428483 31.029667
B001558GHG 0 121.467115 31.045351
B00155AVB1 0 121.414814 31.032597
B00156DY75 0 121.431638 31.036698
B00155DA0P 0 121.410799 31.040981
B001558HOT 0 121.466415 31.043654
B0015590ZN 0 121.40587 31.04205
B00155QVBJ 0 121.46197 31.042684
B001557TC9 0 121.431824 31.016191
B00154YJGS 0 121.42782 31.029438
B00155H9UM 0 121.463215 31.042921
B00156DY5B 0 121.454335 31.021652
B00156E5UZ 0 121.430474 31.016858
B00156EOIJ 0 121.475756 31.039991
B00156DXBX 0 121.462838 31.042855
B001558478 0 121.427656 31.022858
B00155CZDP 0 121.39105 31.018381
B00155IHUI 0 121.469906 31.04237
B00155QRVP 0 121.471912 31.043168
B00155QSZP 0 121.461465 31.042206
B00156DXKF 0 121.462518 31.042796
B00155BATC 0 121.417308 31.026643
B001559X5S 0 121.424268 31.039591
B00156D798 0 121.409307 31.034081
B00155D3GG 0 121.382919 31.015919
B00155FEYO 0 121.463497 31.044482
B00155AOMU 0 121.416334 31.028946
B00156EOIL 0 121.460054 31.044262
B00156F3DF 0 121.408503 31.017863
B00155QV1C 0 121.474335 31.043621
B00155EHAL 0 121.464484 31.042381
B00155QOLG 0 121.421243 31.037559
B00155QV28 0 121.474659 31.042405
B00156EH31 0 121.464694 31.033015
B001557GGB 0 121.475468 31.041166
B00154SB9C 0 121.396862 31.019435
B001558HML 0 121.382581 31.033203
B00155DH2R 0 121.415894 31.03
B00155QOPX 0 121.404138 31.041204
B00155QPHV 0 121.419608 31.02911
B00155G38H 0 121.463328 31.042955
B00155D76U 0 121.408613 31.042971
B00155QOPT 0 121.411447 31.034592
B00155QOS9 0 121.402794 31.032311
B00155QRC4 0 121.447979 31.01978
B001559DRN 0 121.414199 31.024176
B00155CWN5 0 121.418465 31.026408
B00155E853 0 121.464055 31.043955
B00155Q4XL 0 121.4491 31.020333
B00156DY2Y 0 121.429039 31.041353
B00155AVU6 0 121.407464 31.039583
B00154OGPK 0 121.415429 31.030042
B001558B6C 0 121.391096 31.025889
B00155Q4WO 0 121.456459 31.018098
B00155QPTH 0 121.405865 31.034558
B00155QUHU 0 121.469476 31.042276
B00155741X 0 121.45792 31.021031
B00155QSQZ 0 121.461918 31.042687
B00155QS4I 0 121.474563 31.04283
B00155QVGI 0 121.468021 31.043867
B00156DFMG 0 121.464578 31.042016
B001557ATR 0 121.431074 31.01674
B001556UW7 0 121.466918 31.043266
B00155FCOK 0 121.461194 31.042148
B00155BUIT 0 121.405342 31.041765
B00155QOSG 0 121.404128 31.04119
B00155QSAI 0 121.472466 31.043293
B00156EGKF 0 121.409594 31.044691
B00156F4KK 0 121.415977 31.015578
B00155D4EF 0 121.410681 31.045014
B001558GQJ 0 121.468809 31.042523
B00155CZMX 0 121.410546 31.040852
B00155QS4K 0 121.475868 31.037912
B00155QVAO 0 121.463022 31.042886
B001559DXK 0 121.425783 31.045044
B00155QV98 0 121.468157 31.040263
B001556M40 0 121.465553 31.043478
B00156DZD0 0 121.432237 31.017405
B00156DXPE 0 121.467489 31.037594
B00156DXSD 0 121.462066 31.042701
B001557K94 0 121.4319 31.016035
B00156DX4M 0 121.474245 31.043222
B0015020FF 0 121.476717 31.040917
B00155DFCE 0 121.408704 31.040084
B001557BQV 0 121.407696 31.042974
B00154MGKK 0 121.406258 31.041727
B00156D3NY 0 121.467443 31.042747
B00155KRBA 0 121.390017 31.024057
B001558A74 0 121.423759 31.028169
B00155D9TD 0 121.388578 31.027769
B00155QV6A 0 121.468345 31.038465
B00155QULG 0 121.474097 31.043187
B00156D3NX 0 121.467349 31.042377
B00155D495 0 121.408407 31.039578
B00155CI37 0 121.43768 31.032641
B00155QPLS 0 121.40916 31.016278
B00156D40V 0 121.421698 31.036609
B00155AR2C 0 121.418993 31.026584
B00155QPM7 0 121.421353 31.032449
B00155QS4Z 0 121.474181 31.044222
B00156DXWX 0 121.466176 31.041744
B00155AH16 0 121.413468 31.044938
B00156F6KX 0 121.440131 31.044657
B001559SZZ 0 121.405233 31.041729
B00155EMUD 0 121.464461 31.042436
B00155QOQC 0 121.410847 31.02902
B00155QUAT 0 121.46831 31.038894
B00155QS7Y 0 121.478634 31.044811
B00156DX3E 0 121.461005 31.042122
B00154N2AV 0 121.414832 31.032597
B00156DY2H 0 121.451308 31.044849
B00155DB1Q 0 121.408983 31.039822
B0015579JI 0 121.398098 31.037502
B00155QOQP 0 121.393548 31.019153
B00155BZCN 0 121.474639 31.025286
B001557DV6 0 121.419637 31.017259
B001557S4W 0 121.406741 31.0425
B00155QTO5 0 121.463598 31.040158
B0015580XA 0 121.467213 31.045012
B00155QRBL 0 121.462807 31.042477
B00156F45V 0 121.403773 31.015789
B00155AI6F 0 121.413758 31.044966
B00155QPUW 0 121.415774 31.030259
B00156D3NS 0 121.462128 31.043665
B00155D7IQ 0 121.410658 31.040915
B001558EDW 0 121.467177 31.045154
B00155CIOS 0 121.44212 31.037162
B001559RQ7 0 121.407519 31.042356
B00155B3WZ 0 121.419126 31.026619
B0015584G5 0 121.428621 31.016283
B001550KPA 0 121.409929 31.029121
B00154RD1T 0 121.41381 31.032913
B00155DIDF 0 121.41743 31.028911
B00155Q443 0 121.392925 31.026033
B00155QX8S 0 121.463979 31.040619
B00156F2PN 0 121.425177 31.023268
B00155L1Q0 0 121.392983 31.03619
B00156DXAN 0 121.408564 31.017743
B0015577KE 0 121.424864 31.022325
B001556TOF 0 121.427672 31.022874
B00155B69F 0 121.414974 31.045128
B00155QPTR 0 121.398221 31.039214
B00155QX91 0 121.463705 31.043036
B001502074 0 121.388391 31.026752
B00155L4G1 0 121.457571 31.032668
B0015579A3 0 121.430996 31.023808
B001556LQX 0 121.408597 31.02868
B001502166 0 121.414333 31.044584
B00155EVZI 0 121.464712 31.041556
B00155F58S 0 121.464519 31.042271
B00155F9UP 0 121.463797 31.043378
B00156D3SY 0 121.408681 31.017433
B00154VVV7 0 121.421327 31.016778
B00155QU7S 0 121.466589 31.037876
B00155DKUV 0 121.401482 31.031957
B001557BXL 0 121.402687 31.027048
B00154V4VR 0 121.408092 31.031087
B00155N73F 0 121.415779 31.030259
B00155QPNN 0 121.428581 31.016268
B00156DXW0 0 121.471005 31.042613
B00155QUIB 0 121.469647 31.042326
B001556KHA 0 121.455462 31.022826
B00156EXA9 0 121.431914 31.019092
B00155842T 0 121.471965 31.043183
B001557YTM 0 121.392192 31.026195
B00155D9Y7 0 121.409592 31.040056
B001557SY6 0 121.471875 31.043168
B00155QO9A 0 121.409896 31.016042
B001559ID5 0 121.388324 31.017077
B00155QR33 0 121.46176 31.04265
B00155DGXL 0 121.410372 31.040382
B00155QP11 0 121.414271 31.036007
B00156D3Q0 0 121.476427 31.03769
B00155N7RG 0 121.414861 31.032529
B00156DXSC 0 121.462556 31.042805
B00155F5H2 0 121.464573 31.042071
B00156DYA4 0 121.464782 31.039727
B00155DGN7 0 121.409856 31.040575
B001558HKW 0 121.407443 31.042862
B00155LSFE 0 121.419995 31.016216
B00155QVET 0 121.463703 31.04383
B00155Q4X3 0 121.448788 31.017364
B00156DX85 0 121.423971 31.028218
B00155QRFN 0 121.467138 31.045226
B001557CGQ 0 121.466216 31.043098
B001557TQP 0 121.428155 31.022135
B00155QVJW 0 121.461245 31.042537
B00155D84T 0 121.408615 31.039651
B00155QOJ2 0 121.414431 31.035609
B00155AP9F 0 121.410855 31.044533
B00155QV25 0 121.474585 31.042774
B00155D2UE 0 121.382932 31.015929
B00155DA0K 0 121.417635 31.026162
B00156D3E0 0 121.468001 31.043957
B00155QUUX 0 121.459909 31.043305
B00156DFRA 0 121.409742 31.01644
B00155CW3X 0 121.40206 31.031649
B00155QRET 0 121.463387 31.040092
B00156DXOC 0 121.430087 31.042205
B001557K5Q 0 121.405422 31.041823
B00155QPKX 0 121.415048 31.032088
B00156D40U 0 121.419823 31.02918
B00154XQFH 0 121.443236 31.034452
B00156D5X3 0 121.386914 31.044969
B0015573LK 0 121.464986 31.042874
B00155CZS1 0 121.415693 31.030353
B00156DY2O 0 121.410814 31.020044
B001555BDW 0 121.408598 31.028683
B00155DGI2 0 121.413276 31.035078
B0015570Y5 0 121.465258 31.042923
B0015573BP 0 121.468284 31.039003
B00155QO2P 0 121.409696 31.016545
B00155CZLO 0 121.429054 31.04129
B00155Q4Y0 0 121.447923 31.035958
B00155G399 0 121.408739 31.043512
B00156D3ZP 0 121.466231 31.04136
B0015587M1 0 121.431295 31.016348
B00156D401 0 121.473942 31.043542
B00155QUI3 0 121.469348 31.04224
B00155CXIE 0 121.410213 31.040722
B00156D3Z2 0 121.383876 31.032304
B001557TLO 0 121.402759 31.02682
B00155KPKT 0 121.463982 31.042629
B00154QPSA 0 121.4481 31.035977
B0015020D0 0 121.386103 31.033156
B00155QVNK 0 121.463346 31.042567
B00155QPNV 0 121.422248 31.035356
B00156DXBZ 0 121.431536 31.043117
B00156DZNJ 0 121.432445 31.017477
B00155LYJH 0 121.448658 31.022359
B00155QV6F 0 121.468865 31.042552
B001556N1P 0 121.43024 31.021733
B00155E3FB 0 121.464869 31.041303
B00155QOPY 0 121.412017 31.035177
B00155QPKH 0 121.39321 31.035085
B00156EQ31 0 121.467462 31.044087
B0015020C0 0 121.449324 31.036673
B00155G39U 0 121.467647 31.043411
B00155QVBU 0 121.468007 31.043921
B00156F4LX 0 121.410128 31.015795
B00155QOQ4 0 121.405477 31.030825
B00155DI31 0 121.412498 31.036966
B001559XVQ 0 121.407542 31.039615
B00155DD4Z 0 121.42042 31.029138
B00155QVGU 0 121.468305 31.038971
B00155QVHN 0 121.420358 31.031945
B00155A606 0 121.405795 31.034987
B001558C6P 0 121.402925 31.027461
B001556VMD 0 121.423012 31.027908
B00155QVHB 0 121.474027 31.043178
B00155QV2Z 0 121.45864 31.035764
B00150205B 0 121.41308 31.037688
B00156D404 0 121.46328 31.040825
B0015020CD 0 121.410553 31.041167
B00155805T 0 121.467591 31.045239
B00154QPVI 0 121.412854 31.044432
B00155DY4P 0 121.46778 31.042874
B00155805N 0 121.467107 31.045393
B0015074E7 0 121.463211 31.042303
B001559Z6I 0 121.40716 31.042144
B00155QPD2 0 121.390565 31.025739
B00155QOWP 0 121.420381 31.029337
B00155QPM0 0 121.416863 31.036437
B001556VO7 0 121.439022 31.043496
B001558HGJ 0 121.426233 31.01554
B00155QV7V 0 121.468226 31.039757
B001556MR6 0 121.431732 31.016377
B00155A8TK 0 121.410803 31.044494
B0015577TR 0 121.468229 31.039674
B00156D79A 0 121.401142 31.030388
B00155QU1W 0 121.409509 31.044886
B00156DXGO 0 121.475126 31.043387
B00155D3SI 0 121.388647 31.033177
B00155QPFI 0 121.413931 31.034852
B00155QU26 0 121.471717 31.043153
B00156DX3S 0 121.468176 31.040241
B00155QOKW 0 121.420425 31.029376
B0015579FC 0 121.433167 31.027039
B001559UMX 0 121.414004 31.044549
B00156DXX1 0 121.460655 31.035975
B00155DSOU 0 121.428303 31.037091
B001556M8V 0 121.465452 31.042959
B00155A0HB 0 121.418412 31.026402
B00155QGL6 0 121.415103 31.016431
B00155QCVZ 0 121.431798 31.016307
B00155QVKA 0 121.421573 31.030485
B00156ENQN 0 121.460365 31.043242
B00155DT7Z 0 121.382878 31.035234
B00155QVL8 0 121.46384 31.043049
B00156DYCQ 0 121.430207 31.016779
B00156F34A 0 121.408783 31.017092
B001556X3E 0 121.472836 31.043375
B00155CYX1 0 121.410434 31.045377
B00155QU18 0 121.463704 31.043895
B00155QUK3 0 121.461507 31.042221
B0015583BZ 0 121.428783 31.016342
B00155E2LC 0 121.463679 31.042642
B00156F2PL 0 121.426309 31.018738
B00155EF4Q 0 121.411266 31.04415
B00155CXN4 0 121.412658 31.044403
B001557C0X 0 121.406246 31.027765
B00155QQXT 0 121.463474 31.040115
B00156F3RX 0 121.421192 31.026855
B00155DJS1 0 121.408886 31.040169
B00155BV47 0 121.389345 31.041427
B00156D2T6 0 121.42614 31.028914
B001557YOJ 0 121.464138 31.042164
B00155DIM4 0 121.408395 31.039964
B001557VLX 0 121.455988 31.037081
B001556QCL 0 121.391232 31.020687
B00154QK8I 0 121.479284 31.039907
B001556TE3 0 121.427299 31.025237
B00155F7LH 0 121.464655 31.041769
B00155F5TX 0 121.464561 31.04214
B00155N1IJ 0 121.451788 31.017437
B00155QDNR 0 121.428334 31.015684
B00155QOQN 0 121.394276 31.026812
B001556UJJ 0 121.402953 31.027401
B00155F2OR 0 121.464091 31.043945
B00156F52B 0 121.408798 31.018612
B00155805Q 0 121.472695 31.042891
B001557JBF 0 121.405821 31.042027
B00155FBJP 0 121.4683 31.042767
B00156ECXE 0 121.448442 31.021934
B001556WSA 0 121.391468 31.026005
B00155QOQH 0 121.409451 31.036022
B001511AA6 0 121.396024 31.043816
B00154HBUC 0 121.427835 31.029431
B00155CZG1 0 121.410493 31.040438
B00155BJYS 0 121.420494 31.027107
B001556O09 0 121.430093 31.01574
B00155KPJV 0 121.417107 31.037428
B00155F1AA 0 121.463739 31.042642
B00155QRRB 0 121.464697 31.041568
B00155QVJO 0 121.466106 31.037422
B00155EI0L 0 121.464567 31.042029
B00155QIQQ 0 121.431826 31.019087
B00155QRHS 0 121.462728 31.042447
B00155G39V 0 121.467667 31.043252
B00155EH3J 0 121.463449 31.04459
B00156D3R1 0 121.407094 31.022523
B00156DY5G 0 121.467578 31.037608
B00156EFTI 0 121.409355 31.045402
B00155F44W 0 121.464632 31.041812
B00155QOCF 0 121.393633 31.02662
B00155Q4WM 0 121.445865 31.016334
B00155QPMB 0 121.409559 31.016876
B00154QVME 0 121.414938 31.045104
B00155EBAZ 0 121.464591 31.04196
B001556O26 0 121.465438 31.043447
B00155QVNB 0 121.458199 31.035713
B00155CZIU 0 121.383683 31.032706
B00155QV7K 0 121.462067 31.0427
B00155AR2T 0 121.413668 31.044504
B0015575XP 0 121.403945 31.024336
B001557Y20 0 121.468333 31.038716
B00155D7TX 0 121.412728 31.044849
B00156F51S 0 121.419592 31.017351
B00155DA7K 0 121.420228 31.029078
B00155QOAV 0 121.414668 31.035701
B00155DH5I 0 121.408769 31.043044
B00155Q4X2 0 121.455196 31.018299
B00155QOVM 0 121.407525 31.021926
B00155DKZV 0 121.408942 31.040184
B00156D5OA 0 121.409593 31.038326
B00154D6PS 0 121.385696 31.030548
B001558AOQ 0 121.472646 31.043325
B001558C3C 0 121.46666 31.043713
B00155F2OM 0 121.464048 31.043996
B00155FJ09 0 121.467651 31.045185
B00155FEZ2 0 121.382592 31.033209
B00156DX56 0 121.432459 31.034929
B001558H1U 0 121.465723 31.042996
B00156F4L3 0 121.419575 31.017416
B00155D2N3 0 121.407901 31.042674
B00155BYNH 0 121.405488 31.04185
B00155QVF1 0 121.45193 31.042087
B00156DX55 0 121.475491 31.039407
B001557ZZR 0 121.403101 31.026153
B00155QVMS 0 121.47512 31.043814
B00156DX3G 0 121.414731 31.036208
B00156D400 0 121.474223 31.043603
B00155FC9W 0 121.46457 31.039958
B00155QOQ5 0 121.411785 31.029666
B00156D5O7 0 121.410455 31.040844
B00155E37F 0 121.467738 31.04309
B00155QV87 0 121.461811 31.042286
B001502070 0 121.395055 31.037911
B00155KPM1 0 121.402403 31.028473
B00155QOKX 0 121.420012 31.029245
B00155QPDE 0 121.404159 31.033905
B00155QORT 0 121.403863 31.026513
B00156DXPT 0 121.414361 31.036077
B00156DX3T 0 121.468213 31.040022
B00155CGO4 0 121.432473 31.039415
B00156DX71 0 121.468553 31.042483
B00156D407 0 121.397872 31.030889
B0015074E6 0 121.484489 31.021145
B001556KTE 0 121.460169 31.019066
B00156DFQA 0 121.430155 31.016762
B00154GVFK 0 121.401669 31.039891
B00156DY0Y 0 121.451524 31.041125
B001558C34 0 121.466631 31.043194
B00155F9AW 0 121.462975 31.04289
B00156DXY4 0 121.464816 31.039596
B001559SH1 0 121.40793 31.039374
B0015020AE 0 121.386647 31.030318
B001557G2R 0 121.467172 31.045184
B001554JZK 0 121.409935 31.029118
B00155B3YK 0 121.431617 31.036845
B00155FAGG 0 121.466524 31.041456
B00155FJ26 0 121.452914 31.022694
B00156EKCZ 0 121.453489 31.041022
B00156DXJL 0 121.432796 31.037648
B00155QO2V 0 121.409692 31.016545
B00156DXSI 0 121.432659 31.037877
B00155QOCD 0 121.393727 31.026656
B001557YLL 0 121.399021 31.038739
B00156DXRK 0 121.45052 31.020053
B00155BD99 0 121.406038 31.036307
B001559642 0 121.432403 31.034977
B00155FGAR 0 121.45291 31.022686
B001558ZVE 0 121.407411 31.03956
B0015577KC 0 121.424845 31.022311
B00155DIGV 0 121.405418 31.041132
B001557JZ0 0 121.46716 31.045116
B00155QPUZ 0 121.415761 31.030251
B00155A0PY 0 121.413443 31.044934
B00156E5HI 0 121.408288 31.042335
B001556O0N 0 121.398857 31.038619
B00155D2NY 0 121.420119 31.020873
B00155E4B3 0 121.464634 31.04182
B00155EGBU 0 121.464472 31.042406
B00156D79B 0 121.389666 31.024679
B00155QTFJ 0 121.471833 31.043159
B00155QSWF 0 121.458733 31.03577
B00155QVI5 0 121.461869 31.042283
B00156DXGQ 0 121.475626 31.038811
B00155DL7Q 0 121.411743 31.03251
B00156D5XC 0 121.410834 31.043307
B00155QF9E 0 121.41847 31.018477
B00156DXJJ 0 121.467771 31.037632
B00155D78M 0 121.420477 31.029147
B00155EDS5 0 121.463442 31.044619
B00155QVNC 0 121.458899 31.03579
B00155IW9F 0 121.408842 31.043549
B00156DXMR 0 121.422096 31.044549
B00156DY2I 0 121.473487 31.029403
B00156DXW4 0 121.414319 31.044573
B00155581O 0 121.415821 31.036554
B00156DFML 0 121.463242 31.042553
B00155QOR2 0 121.407616 31.035296
B001557TBB 0 121.401579 31.029091
B00156EKGH 0 121.467762 31.041875
B00155QOS6 0 121.412762 31.033458
B00155CZSY 0 121.419542 31.037902
B00155QVNS 0 121.471565 31.043114
B00155D6Z1 0 121.412167 31.033283
B00155QF9X 0 121.413529 31.020725
B00155QVH7 0 121.464089 31.043921
B00155QRCY 0 121.45926 31.035832
B00155QVB7 0 121.461474 31.04259
B001556WS8 0 121.475037 31.024333
B00155QTWM 0 121.463342 31.040065
B00156DY76 0 121.46154 31.042604
B00156DXMM 0 121.464989 31.038974
B00155DGAV 0 121.4101 31.04068
B00154PS4R 0 121.383674 31.032282
B00155CGBB 0 121.413562 31.044946
B00155ENJ7 0 121.467395 31.044302
B00156DXWZ 0 121.430417 31.042761
B00156DY6Z 0 121.410137 31.022056
B00156DXZJ 0 121.461431 31.042579
B001559IHL 0 121.431559 31.036924
B00155QOQK 0 121.404134 31.041191
B00155QPMH 0 121.425945 31.028851
B00156DFZ0 0 121.410356 31.029199
B00155DKSU 0 121.383236 31.032623
B00155MG6D 0 121.448974 31.021873
B00156DX4O 0 121.409489 31.044939
B00155CD8G 0 121.408044 31.039416
B00155LPEJ 0 121.434907 31.015617
B00156D3ZU 0 121.474189 31.043216
B0015020C5 0 121.47151 31.045389
B00155Q6NW 0 121.446929 31.032303
B00155QRGR 0 121.470369 31.042459
B00156E31P 0 121.431685 31.016528
B001557ENK 0 121.467282 31.044773
B00150932B 0 121.458053 31.034415
B00155E16M 0 121.464626 31.041913
B001556J4P 0 121.46452 31.042797
B00155EDAJ 0 121.464674 31.041743
B00156DG0P 0 121.416603 31.027036
B00155QTWL 0 121.46343 31.040106
B001557DL7 0 121.463752 31.043045
B00155QVMQ 0 121.47531 31.043842
B00155QPHP 0 121.414382 31.03559
B00155QPTB 0 121.417995 31.026773
B001502066 0 121.468675 31.036252
B001557W35 0 121.464354 31.043207
B00155AL6U 0 121.41527 31.031439
B00156E5GH 0 121.428862 31.016362
B00156DXMQ 0 121.410018 31.04343
B00150207A 0 121.456298 31.038639
B001556N2G 0 121.390609 31.025755
B00155EFBP 0 121.467695 31.043217
B00155QROP 0 121.465801 31.037767
B001557KPO 0 121.466538 31.043687
B00155QFRK 0 121.414242 31.021886
B001556OWC 0 121.46644 31.041819
B00156ENIM 0 121.474712 31.043924
B001559SM0 0 121.410786 31.044483
B00155QX5M 0 121.463529 31.04013
B001556TOE 0 121.427655 31.022856
B00156EDK9 0 121.45852 31.030897
B00156DXGU 0 121.46651 31.037458
B00156D3Q1 0 121.476023 31.042182
B001501C91 0 121.411187 31.042565
B00155CYO5 0 121.410409 31.040811
B00156DXC2 0 121.391054 31.018394
B00156EM8B 0 121.46203 31.042306
B00156D3DN 0 121.419607 31.017305
B00155QOJD 0 121.419561 31.03936
B001557GHA 0 121.388279 31.027116
B00155QOTD 0 121.420366 31.037713
B00156DY77 0 121.4649 31.039266
B001551OT3 0 121.390398 31.039399
B00155ETGL 0 121.46478 31.041301
B00155Q442 0 121.392467 31.026215
B00155QV82 0 121.46292 31.042876
B001556XJK 0 121.478397 31.029411
B0015511LP 0 121.475775 31.039999
B00155FA05 0 121.382594 31.033211
B00155D6E2 0 121.41811 31.026307
B00155QTO6 0 121.463512 31.040122
B00156DXO1 0 121.47464 31.025279
B00155AFVD 0 121.407835 31.039343
B00155877U 0 121.465649 31.042998
B001559WFI 0 121.410875 31.044537
B00155D6C9 0 121.413775 31.035203
B001556PYF 0 121.41058 31.028939
B00155QRCZ 0 121.459 31.035802
B00156DXY5 0 121.467442 31.037603
B00155QPTE 0 121.429308 31.016516
B00155D3FH 0 121.409901 31.040588
B00155EITL 0 121.464508 31.042311
B00156ELOG 0 121.459518 31.017674
B00155DHJ8 0 121.410258 31.040329
B00155NEY2 0 121.40909 31.038582
B00155Q4WN 0 121.456459 31.018092
B001558GS2 0 121.465337 31.043414
B0015583AQ 0 121.415968 31.045295
B001556S8T 0 121.396747 31.040627
B00155AYXC 0 121.408547 31.042926
B00155E1VZ 0 121.464024 31.044077
B001551LE2 0 121.407831 31.035774
B001558GDQ 0 121.424635 31.020674
B00155QSWS 0 121.462018 31.04269
B00155BKCU 0 121.406225 31.031076
B001557PS7 0 121.475043 31.042631
B00155FEMA 0 121.463775 31.043429
B00155QPUT 0 121.413982 31.03467
B001558042 0 121.474363 31.043616
B00155CXG8 0 121.407594 31.042942
B00155QU7T 0 121.468784 31.039342
B00156DX68 0 121.408564 31.017683
B00155EQ5P 0 121.464455 31.042469
B00155QVEV 0 121.463725 31.043775
B00155EL17 0 121.467259 31.044806
B00155DINK 0 121.408869 31.039762
B001557Q3Y 0 121.431696 31.016465
B00155CX8E 0 121.408676 31.040076
B00155QO4K 0 121.429274 31.016505
B00155QRCB 0 121.467175 31.045065
B0015573HE 0 121.471528 31.043108
B00155ARXM 0 121.433288 31.033152
B00155EM34 0 121.464154 31.043628
B00155QOQT 0 121.391563 31.026031
B00156DG0Q 0 121.39106 31.018403
B001557YN9 0 121.464398 31.043209
B00156D5GH 0 121.392671 31.034963
B00155FE1M 0 121.464985 31.041325
B00156DFF5 0 121.467303 31.044599
B0015097DB 0 121.410738 31.043671
B00155QVCA 0 121.462796 31.042849
B001556LZ9 0 121.471417 31.043087
B00155L1Q3 0 121.405936 31.040154
B00156D3SM 0 121.411412 31.020662
B00155D8DF 0 121.408843 31.043079
B00155ATYK 0 121.418531 31.02643
B00155D7P6 0 121.408506 31.042916
B00154EQ7K 0 121.386887 31.027515
B00155QPM9 0 121.397648 31.019802
B00156DXY0 0 121.467288 31.041717
B00156DXX0 0 121.464921 31.039241
B00156DX7P 0 121.467384 31.037587
B0015578JE 0 121.465827 31.043555
B00155QGLK 0 121.394271 31.015543
B00155F9MY 0 121.463902 31.043067
B00156EM32 0 121.430247 31.042661
B001557NJT 0 121.484144 31.01621
B00155QOBH 0 121.42012 31.029273
B001558E35 0 121.467458 31.044143
B00155E657 0 121.464158 31.043655
B00156D2TE 0 121.414379 31.021389
B00155G38N 0 121.469064 31.042591
B001557JHV 0 121.402908 31.027523
B00155QFQV 0 121.425982 31.017599
B00156E5UY 0 121.429453 31.016569
B00156F3DN 0 121.409203 31.016196
B00155D4L7 0 121.402711 31.027007
B0015575DC 0 121.467824 31.042757
B001556VGR 0 121.39797 31.038529
B00155L1U2 0 121.386752 31.04531
B00155L1PY 0 121.396792 31.037258
B00155QP7B 0 121.429266 31.016513
B00155QREV 0 121.474931 31.041239
B00156EE72 0 121.409629 31.044584
B00155QO3W 0 121.421276 31.026874
B00156DFYH 0 121.398025 31.037429
B00156EMRM 0 121.467521 31.043788
B00155QPBQ 0 121.416771 31.028615
B001557DOT 0 121.463989 31.042666
B001556MDZ 0 121.43145 31.022468
B00156D3NW 0 121.467406 31.042188
B00156D3ZO 0 121.462845 31.040248
B00156DXJF 0 121.419927 31.01637
B00155QO5I 0 121.395178 31.027531
B00155QV2G 0 121.463349 31.040067
B00156D5O8 0 121.407115 31.039437
B00155F636 0 121.464624 31.041873
B00155LYJN 0 121.458639 31.030666
B00156DXL5 0 121.47525 31.040239
B001551BXZ 0 121.409919 31.029113
B00155E46T 0 121.467519 31.043813
B00155QIQO 0 121.435651 31.030663
B00155QWJQ 0 121.468979 31.042567
B00156EOLQ 0 121.441764 31.042144
B00155QOIG 0 121.399333 31.038964
B00156DXSE 0 121.431581 31.038217
B00155QUFS 0 121.469241 31.042227
B00154UFKW 0 121.396299 31.036704
B00155C9CN 0 121.382925 31.041762
B00155QVN7 0 121.472466 31.0433
B00156DFMK 0 121.447941 31.039156
B001557ZYJ 0 121.441584 31.029857
B00155734S 0 121.475042 31.042718
B00156DH8J 0 121.41722 31.018012
B00155CIB2 0 121.415434 31.017093
B00155H804 0 121.430447 31.016858
B00156DXTM 0 121.46324 31.042603
B001558ZVN 0 121.40869 31.043014
B00155CIJN 0 121.407287 31.039529
B00156DX7N 0 121.471557 31.034315
B001508345 0 121.458944 31.029831
B00156EM31 0 121.435055 31.031321
B00155QHI8 0 121.425183 31.022996
B00155QOQX 0 121.402148 31.028243
B00155QX4E 0 121.463423 31.042979
B00155B34M 0 121.382589 31.034008
B0015020B3 0 121.422194 31.038834
B00156DXTK 0 121.475359 31.03993
B00156ELC0 0 121.467626 31.045189
B00155F2OO 0 121.473019 31.043409
B00156DZQ3 0 121.434778 31.018156
B0015582D0 0 121.429007 31.016436
B001558FHU 0 121.387837 31.017388
B00156DXVB 0 121.463578 31.042622
B00155CG9H 0 121.462057 31.039168
B00155QO68 0 121.42142 31.035798
B00155CZ95 0 121.432101 31.035699
B00156D3O1 0 121.458799 31.035411
B00154S16M 0 121.428672 31.016299
B00154WSU3 0 121.412849 31.04443
B00156EQ3M 0 121.463526 31.044329
B001556TDV 0 121.43325 31.026846
B00156DX5T 0 121.467876 31.037639
B001551L9X 0 121.407827 31.035778
B001556UHT 0 121.459519 31.01767
B00155QVGT 0 121.469404 31.041863
B00155QUMK 0 121.478515 31.045237
B00155QV9L 0 121.457702 31.035651
B00154TIUU 0 121.448558 31.036151
B001558HMK 0 121.402795 31.026707
B001552CU6 0 121.430678 31.035171
B00156D3Z3 0 121.408938 31.016824
B0015599CU 0 121.405077 31.034253
B00156D5WR 0 121.434534 31.041615
B00155Q4WJ 0 121.457729 31.016571
B00155ET58 0 121.408339 31.039537
B00155QRCS 0 121.441771 31.015643
B00155QOE6 0 121.41964 31.029109
B00154KHJJ 0 121.403568 31.03013
B00155IGRO 0 121.46759 31.045222
B00156D3SH 0 121.409036 31.017949
B00156DX2L 0 121.409817 31.016213
B00155LYJK 0 121.448775 31.021779
B001557NNW 0 121.391216 31.02072
B001556UZ4 0 121.424641 31.020676
B001558BRZ 0 121.467597 31.045192
B0015577AU 0 121.419288 31.017976
B00155QOI5 0 121.426142 31.020437
B00155F9KH 0 121.464379 31.042745
B00155QO8V 0 121.423109 31.032963
B00155QU7U 0 121.466372 31.037841
B001502FFA 0 121.413837 31.032125
B00155QOD2 0 121.411704 31.017888
B00155QPC2 0 121.428114 31.029539
B001558HVO 0 121.467649 31.045055
B00155QPMK 0 121.431952 31.015756
B00155DI8M 0 121.416322 31.045328
B00156D3ZR 0 121.467057 31.041631
B00156D5O6 0 121.409016 31.036294
B00155KPKU 0 121.407834 31.028033
B00155QEXE 0 121.419218 31.018113
B00156D3NZ 0 121.459987 31.042915
B00155CXOT 0 121.411298 31.032364
B00156E4D8 0 121.433567 31.017393
B00155D41E 0 121.404545 31.040943
B00155DJZO 0 121.40887 31.040152
B00156F3DU 0 121.43164 31.016567
B00155A53N 0 121.420898 31.027221
B00155BU3K 0 121.40556 31.041876
B00156DFMM 0 121.454412 31.02386
B00156D3ZQ 0 121.467012 31.041617
B00156D3ZX 0 121.476016 31.044016
B00156DXBV 0 121.474211 31.044027
B00154NY5B 0 121.408973 31.036252
B00155B1SV 0 121.406879 31.039339
B00155CZ94 0 121.404719 31.041018
B00155A85R 0 121.406997 31.039395
B00155G39S 0 121.463884 31.042671
B00155LRD2 0 121.431734 31.016973
B0015554JF 0 121.40674 31.042494
B00155QO0Y 0 121.391608 31.026039
B0015579A9 0 121.425621 31.02329
B00155DGT2 0 121.408894 31.043112
B001557LG4 0 121.424176 31.01909
B00155ENIR 0 121.462595 31.042432
B001557H2K 0 121.41375 31.021453
B00155QOBO 0 121.423591 31.038872
B001558ZVJ 0 121.407077 31.03942
B001558HWL 0 121.46472 31.042814
B0015579A2 0 121.428712 31.024008
B001557CA5 0 121.468162 31.039944
B00155QOU6 0 121.428796 31.030562
B00156D405 0 121.455493 31.038428
B00156F33W 0 121.414878 31.021463
B00156EOO6 0 121.477717 31.028579
B00155L4FU 0 121.467592 31.043289
B00155QOZQ 0 121.413912 31.034889
B00156DGZS 0 121.408424 31.039969
B00155D97F 0 121.415889 31.029943
B00155QOO0 0 121.419907 31.016414
B00156F2WL 0 121.420172 31.015757
B00155Q4XJ 0 121.463439 31.018792
B00155QPEK 0 121.409607 31.016733
B00156DFYJ 0 121.466941 31.041589
B00155DH74 0 121.420126 31.020883
B00156DXAM 0 121.431579 31.038213
B001557CZE 0 121.383143 31.032654
B001559AT8 0 121.388978 31.026679
B00155QP08 0 121.416775 31.028608
B00156DFRD 0 121.408656 31.019093
B00155FCS7 0 121.409211 31.04328
B001556TDB 0 121.436111 31.022723
B00154K613 0 121.38407 31.032765
B00155EIIE 0 121.464727 31.041494
B00155QBRR 0 121.457799 31.034241
B00155QOLD 0 121.41893 31.037218
B00156DFQP 0 121.401831 31.02157
B00156D406 0 121.397088 31.03061
B00156DZQG 0 121.431586 31.015732
B00150753E 0 121.464564 31.039951
B00154MV8Z 0 121.390917 31.020131
B00156D402 0 121.468589 31.042475
B00156DXW3 0 121.421044 31.037961
B00155D54A 0 121.421338 31.029403
B001557C8Q 0 121.409742 31.044213
B00155QLDE 0 121.431841 31.019098
B00155QOOU 0 121.4173 31.03663
B00155QPAM 0 121.407543 31.021866
B0015035BE 0 121.476651 31.042289
B001558HMV 0 121.465912 31.043061
B00155E0XO 0 121.464411 31.042683
B00155QU3L 0 121.459771 31.039255
B00155QVHQ 0 121.461321 31.042565
B001559DIB 0 121.396301 31.036715
B001557B44 0 121.397295 31.019794
B00155IOBM 0 121.42455 31.026664
B00155QPN3 0 121.400453 31.019857
B00156E05D 0 121.430785 31.016959
B00156DXTR 0 121.468099 31.037686
B00156DXGT 0 121.468356 31.038378
B00156EEBL 0 121.454446 31.020701
B00155ENPY 0 121.468036 31.041954
B00156F348 0 121.396859 31.019439
B001559WKV 0 121.390212 31.039306
B00155QOQY 0 121.389611 31.025506
B00155QPBG 0 121.422947 31.026419
B001552RSM 0 121.411082 31.029493
B00155QVEY 0 121.465808 31.037392
B0015595TO 0 121.413201 31.044473
B00155QPD7 0 121.394204 31.026794
B00155QT1Y 0 121.463531 31.043002
B00156DXPD 0 121.468308 31.039112
B00156F51H 0 121.413771 31.021608
B00156DY2M 0 121.475772 31.040007
B00155QO4F 0 121.429228 31.016504
B00155QO9H 0 121.409792 31.016302
B001556ZY1 0 121.415393 31.028824
B00156EKCX 0 121.45758 31.038568
B00155QVHT 0 121.45652 31.016345
B00156D40Z 0 121.467075 31.044307
B00156DXO2 0 121.451334 31.044808
B00155QXFY 0 121.420143 31.020893
B00155QOW2 0 121.420541 31.037806
B00156DYJ2 0 121.434561 31.018076
B00156DXJQ 0 121.391068 31.018404
B00155QOAU 0 121.423208 31.036091
B00156DXRI 0 121.474749 31.042227
B001558GI7 0 121.413521 31.030289
B0015579GE 0 121.409927 31.029117
B00155EWG5 0 121.460739 31.042445
B00156D3SO 0 121.408321 31.019924
B00156D2T4 0 121.429632 31.031769
B00155D9GH 0 121.407922 31.042676
B00155QGCR 0 121.424185 31.020034
B00155F1L9 0 121.462179 31.042353
B00155L1PZ 0 121.392671 31.036071
B00156DY5D 0 121.467082 31.042059
B00156DY0H 0 121.47256 31.037392
B00156F52G 0 121.431478 31.016734
B001553YDZ 0 121.411676 31.044205
B00155F4OQ 0 121.464453 31.042538
B0015527BE 0 121.468035 31.043828
B00156DXJI 0 121.468551 31.041695
B00155QVDJ 0 121.466247 31.037445
B00154ZOP2 0 121.464892 31.042851
B00155LYJI 0 121.449102 31.022081
B00155QEP5 0 121.415173 31.024348
B00156F340 0 121.412578 31.022723
B00154NTJF 0 121.428781 31.029753
B001557CMN 0 121.43163 31.016641
B00155QGX5 0 121.420212 31.018197
B00156E0L9 0 121.428225 31.016163
B00156EMDD 0 121.47538 31.041401
B00154YIO1 0 121.413797 31.032892
B00156DFY9 0 121.40873 31.017247
B00155874F 0 121.463597 31.043012
B00155QUCG 0 121.463716 31.040192
B00155L1Q7 0 121.408705 31.042792
B00156DY7V 0 121.432549 31.033688
B0015573O8 0 121.46558 31.042975
B00150210E 0 121.397624 31.019788
B001556QA9 0 121.428666 31.021249
B0015570TW 0 121.472573 31.04331
B00155MF3S 0 121.449498 31.027668
B00156EKDP 0 121.465203 31.039558
B00155124I 0 121.41379 31.032894
B00156DXTP 0 121.432057 31.036325
B00155ASRR 0 121.401581 31.030444
B00155DIOL 0 121.408946 31.043146
B00155DC65 0 121.411337 31.044167
B00156D5XB 0 121.407766 31.03771
B00155QHTQ 0 121.431108 31.023461
B00155QWN8 0 121.468222 31.039642
B00155QVL2 0 121.409348 31.045431
B00155Q3QU 0 121.466908 31.041583
B00156DX72 0 121.43185 31.040613
B001556OOC 0 121.409913 31.029107
B00155285X 0 121.414831 31.032592
B00156DYA6 0 121.46764 31.037612
B00155N1IG 0 121.46762 31.043409
B00155QO5J 0 121.402078 31.028297
B00156D3NQ 0 121.475187 31.040454
B001551CEL 0 121.413441 31.033327
B00155QOBF 0 121.417176 31.036589
B00155QP5C 0 121.414306 31.021361
B00155QVJ9 0 121.475989 31.039243
B00155QGX6 0 121.420107 31.015993
B00156DXZH 0 121.468729 31.042518
B00156DY45 0 121.415905 31.02998
B00155R1D5 0 121.428478 31.02343
B001557PL5 0 121.474688 31.042366
B00155FCGB 0 121.464045 31.044051
B00155E16N 0 121.464811 31.041279
B00155QV7I 0 121.433216 31.030693
B00154ZT9T 0 121.418687 31.023266
B00155BMG5 0 121.407593 31.039246
B00155QP6T 0 121.428956 31.016399
B00156DXSO 0 121.45122 31.017772
B0015584D3 0 121.474806 31.038433
B0015579I0 0 121.404691 31.026331
B00155QOIO 0 121.414071 31.033198
B00156ELFR 0 121.425423 31.020781
B00156F45F 0 121.425142 31.020321
B001558G82 0 121.467271 31.044756
B00155DBOX 0 121.382761 31.032485
B00155D3SJ 0 121.388748 31.03319
B00155EKEG 0 121.464021 31.044241
B00155Q4X4 0 121.447138 31.017044
B00155QCUY 0 121.41587 31.01591
B00155QVNM 0 121.463481 31.042609
B00155ELCX 0 121.464428 31.04262
B00156F4KY 0 121.419131 31.018372
B0015020D2 0 121.410949 31.04004
B00155IW64 0 121.463932 31.042687
B00154K4UQ 0 121.418675 31.023264
B00155ESUG 0 121.463758 31.04353
B00155QV3H 0 121.476018 31.039098
B00155BG97 0 121.420888 31.029273
B00150B22D 0 121.46764 31.041837
B00155M02A 0 121.458526 31.030656
B001556VRE 0 121.428714 31.024016
B00155QP88 0 121.416788 31.028623
B00156D40Y 0 121.458046 31.042376
B00156DXMN 0 121.392898 31.026427
B001557F5L 0 121.467035 31.043274
B00155EEPL 0 121.464954 31.041317
B001557GM5 0 121.464019 31.042536
B001557RH4 0 121.474622 31.042574
B00155E90A 0 121.431089 31.042242
B00156DGGU 0 121.410425 31.045361
B00155QVEZ 0 121.465918 31.037398
B00155QOQ0 0 121.411447 31.032912
B001557KRU 0 121.402769 31.02678
B00155QG5R 0 121.419689 31.017098
B00155QO5U 0 121.399099 31.038794
B00155AD9E 0 121.382564 31.033994
B00155EZ1P 0 121.464472 31.042405
B00155QFR7 0 121.433348 31.017654
B00156DXO4 0 121.430605 31.043352
B00155DZT2 0 121.464482 31.042346
B00156F34E 0 121.410023 31.015768
B00155F9JD 0 121.46473 31.041458
B00156ELH5 0 121.445897 31.019235
B001558GDY 0 121.47451 31.043053
B00155HTSG 0 121.453841 31.023033
B00155KPLL 0 121.452746 31.022388
B00155QO0I 0 121.413673 31.02073
B00155B3G6 0 121.407324 31.039534
B00155CWGQ 0 121.416014 31.029659
B00155QOO5 0 121.420279 31.039563
B0015588VQ 0 121.468395 31.042436
B00156D3ST 0 121.405572 31.018805
B0015020C4 0 121.475059 31.042649
B00155DSQN 0 121.419243 31.020504
B00155QSPW 0 121.474576 31.04274
B00156F464 0 121.417357 31.022307
B00155G39X 0 121.463785 31.043049
B00155QOGS 0 121.423334 31.03303
B001558D0A 0 121.46705 31.042266
B00155QCWO 0 121.403742 31.021613
B00155CX7H 0 121.410939 31.041043
B0015587JK 0 121.423564 31.025033
B00155CIJL 0 121.412413 31.044813
B00155DZZG 0 121.467699 31.043181
B00156DY0I 0 121.430369 31.03853
B00156DXD2 0 121.464519 31.040677
B00156D3Q9 0 121.463602 31.044226
B00155K8QN 0 121.434279 31.017971
B00155HA0Y 0 121.465365 31.042129
B00154UIXA 0 121.429388 31.040598
B00156F3DJ 0 121.408613 31.017576
B00155Q4XY 0 121.450358 31.040805
B00155L1Q6 0 121.408715 31.042801
B00155QPLV 0 121.416761 31.036434
B00156D3SF 0 121.409222 31.017527
B00155F2OQ 0 121.464549 31.042224
B00155805R 0 121.467088 31.042064
B00155QOD3 0 121.413832 31.021226
B00156DXXZ 0 121.419318 31.01794
B00156EL98 0 121.464945 31.039389
B00156EOO5 0 121.467162 31.041675
B00156EDM0 0 121.455559 31.022384
B00155ETBY 0 121.417528 31.026114
B0015576GB 0 121.428721 31.024015
B00155Q4XH 0 121.463456 31.018808
B00155QV9N 0 121.460707 31.042066
B00155CZS7 0 121.403997 31.02427
B00156ELYC 0 121.471669 31.034007
B00155Q4OT 0 121.452705 31.037024
B00156E31V 0 121.433451 31.01772
B00156EKL0 0 121.433517 31.037831
B00156F3D0 0 121.431669 31.023277
B00155DK3P 0 121.410378 31.040803
B00154LY40 0 121.435799 31.032018
B00155G38J 0 121.4262 31.015538
B00155LNWE 0 121.414011 31.016106
B0015522HO 0 121.429313 31.024264
B00155LNSC 0 121.406771 31.01703
B00155DIZE 0 121.383822 31.03275
B00155EYDM 0 121.404838 31.041086
B00156F2WJ 0 121.419924 31.017677
B00155DISM 0 121.408682 31.042998
B00155QOZE 0 121.422524 31.034775
B00155QH0U 0 121.425469 31.02824
B00156F51M 0 121.417527 31.017967
B00155CDZ2 0 121.413791 31.032896
B00156F33Q 0 121.420923 31.026383
B001557DLS 0 121.431519 31.016909
B0015587ZH 0 121.392323 31.026254
B00156ENI8 0 121.408366 31.042718
B0015579B6 0 121.431559 31.024864
B001557ZPG 0 121.467222 31.044938
B00156DXGN 0 121.474713 31.042253
B0015585VR 0 121.382789 31.015885
B00155QSPC 0 121.466157 31.037804
B00156ELOF 0 121.435645 31.03066
B00155C9S1 0 121.409719 31.044316
B00155EVE3 0 121.46417 31.043483
B00155QBRT 0 121.452897 31.022676
B00156DXIM 0 121.474596 31.042686
B00155IW48 0 121.427372 31.023326
B001556KJB 0 121.390706 31.025788
B00156DXEZ 0 121.46181 31.042659
B00155QOQS 0 121.39625 31.036625
B001558FQU 0 121.382844 31.015901
B00155R0VR 0 121.451947 31.016596
B00155QOC0 0 121.422558 31.035857
B00156DYSM 0 121.434384 31.018006
B001557INL 0 121.465225 31.043394
B001558D0B 0 121.467041 31.042256
B00156EFQF 0 121.455268 31.038326
B00156EOAX 0 121.47413 31.043583
B00155QC7M 0 121.420092 31.015665
B00155QVCC 0 121.463469 31.042977
B0015577FL 0 121.4757 31.023615
B0015585FG 0 121.432112 31.018952
B00155QVLR 0 121.461365 31.042186
B00156F33Y 0 121.413806 31.02126
B001557TN7 0 121.383053 31.032851
B00155QV26 0 121.474666 31.042449
B00156DXTH 0 121.474603 31.04265
B00155LYJP 0 121.43763 31.025971
B00156DY7S 0 121.466033 31.041281
B00156DXTE 0 121.408627 31.01751
B00154N9QV 0 121.422447 31.027727
B00155QV92 0 121.475051 31.043789
B00155DJNA 0 121.403968 31.024306
B00156EKSN 0 121.408319 31.042832
B00155G38P 0 121.46804 31.043753
B001558GFQ 0 121.415932 31.015681
B00155L4H5 0 121.46726 31.044751
B00154D76K 0 121.454707 31.024927
B00155QPO2 0 121.423056 31.03294
B00155KX6G 0 121.435648 31.030661
B00156E3R7 0 121.433567 31.017389
B00155FD51 0 121.410574 31.040485
B00155N1VL 0 121.433583 31.017852
B001502106 0 121.424981 31.023452
B00155F3C4 0 121.420133 31.02088
B00155QRF7 0 121.420749 31.030311
B00156F3SB 0 121.418873 31.018404
B00156F2WZ 0 121.409919 31.015978
B00155QUCH 0 121.458365 31.040146
B00156DXW1 0 121.450951 31.042095
B00156DFYM 0 121.47436 31.043249
B00156DXSF 0 121.468539 31.041674
B00155QHI1 0 121.420984 31.02507
B00155QPLJ 0 121.432717 31.017557
B00156DXDN 0 121.470487 31.042483
B00155QWQ2 0 121.467071 31.042052
B00155QTQB 0 121.465435 31.041754
B00156F69X 0 121.431817 31.02331
B00155KQL6 0 121.452919 31.022688
B00155LV2Y 0 121.472397 31.043949
B001557NZH 0 121.428713 31.024018
B00155DAKV 0 121.418307 31.026374
B00155QU7J 0 121.466641 31.037885
B00155EMND 0 121.410061 31.040671
B001553KC6 0 121.41381 31.032909
B00154QI75 0 121.47494 31.04317
B001557UE3 0 121.429671 31.016621
B0015594XD 0 121.413346 31.044926
B00155QOQL 0 121.411586 31.029201
B00155QPAT 0 121.407599 31.021748
B00155QPL7 0 121.413966 31.037558
B00156DXD7 0 121.430374 31.038536
B00156ELDB 0 121.467839 31.041901
B00155D6HV 0 121.409685 31.038133
B00155QOAQ 0 121.422031 31.035863
B00156F460 0 121.414415 31.018566
B001559AA8 0 121.399122 31.019642
B00155QSQ2 0 121.440679 31.03311
B00155QP18 0 121.415781 31.030262
B00155QUAS 0 121.468285 31.039064
B0015579TQ 0 121.41941 31.017712
B00155LOR2 0 121.416206 31.024264
B00156DY2B 0 121.472561 31.037397
B00156F2WF 0 121.412972 31.016478
B00155IW49 0 121.427396 31.023332
B00155LYJJ 0 121.449108 31.022088
B00155Q5VT 0 121.449729 31.023105
B00156F33O 0 121.439579 31.020442
B00155ETSV 0 121.464148 31.043698
B00156D3NV 0 121.470886 31.042976
B00156D403 0 121.468458 31.04246
B00156DXL7 0 121.457461 31.035619
B00156DY0Z 0 121.431544 31.04312
B00156DXC3 0 121.466032 31.037414
B00156DX57 0 121.466091 31.037806
B00155QOM1 0 121.42049 31.03777
B00155C0VE 0 121.408117 31.03945
B00155F2OV 0 121.464118 31.043756
B00155QVK9 0 121.420744 31.031406
B00155QO0D 0 121.423109 31.032965
B00155B63O 0 121.382788 31.032498
B001502073 0 121.388998 31.026689
B00155CX8C 0 121.398971 31.038148
B00156D40T 0 121.406207 31.026317
B00155EM5H 0 121.464406 31.042728
B00155Q4VZ 0 121.458821 31.024235
B00156D3NT 0 121.473031 31.04301
B00156DXV9 0 121.468232 31.039514
B0015590F6 0 121.399208 31.038904
B00155F17B 0 121.467731 31.043074
B00156DX3U 0 121.414325 31.044583
B00155L1Q4 0 121.405103 31.039784
B00155QSWE 0 121.475887 31.037923
B00155QUJ6 0 121.470998 31.042608
B001557T8R 0 121.475458 31.03954
B00155FDTS 0 121.463836 31.042672
B001556TED 0 121.43161 31.021906
B001558ZVI 0 121.4151 31.045132
B0015576GK 0 121.427397 31.023331
B001556M26 0 121.417099 31.015568
B00155A7FQ 0 121.417866 31.026238
B00155ESK4 0 121.467801 31.042837
B00155QVLU 0 121.457841 31.035675
B00155QVE7 0 121.461878 31.042672
B00155AMEX 0 121.407384 31.03955
B0015020A4 0 121.413452 31.033934
B001556ZB9 0 121.465129 31.043388
B0015585FZ 0 121.433069 31.027225
B00156D3ZL 0 121.384041 31.032321
B00155AIMB 0 121.406844 31.039331
B00155Q4XX 0 121.445742 31.02228
B00155DKSE 0 121.419953 31.020087
B00156D5O9 0 121.409919 31.04019
B00155QUKI 0 121.467394 31.044324
B00154ZQ84 0 121.413812 31.032912
B00154YOZK 0 121.468315 31.038849
B00155QV96 0 121.468353 31.042633
B00155L4HT 0 121.431052 31.017883
B00155QUL9 0 121.409991 31.043529
B00155QOGV 0 121.420631 31.037847
B00156DXZN 0 121.387252 31.041917
B00156ELRW 0 121.457585 31.038569
B00156D3DZ 0 121.468329 31.042714
B00156DXWY 0 121.451651 31.040784
B00155QJSE 0 121.406214 31.01855
B00155QV80 0 121.462834 31.042483
B00155QOMS 0 121.431937 31.017285
B00156DY2K 0 121.430585 31.039103
B00156EF4J 0 121.40946 31.045102
B00155AZ85 0 121.419751 31.0205
B00155QI14 0 121.413841 31.020394
B00155QULF 0 121.473891 31.043172
B00156ELTJ 0 121.446613 31.018067
B00156DGZT 0 121.409109 31.038583
B0015585FX 0 121.434434 31.023538
B00156DXAQ 0 121.455672 31.022734
B00156DY72 0 121.431866 31.036206
B00156EEI4 0 121.455665 31.022735
B00156EKE3 0 121.476063 31.038912
B00155QVI3 0 121.458134 31.035712
B00155LYJL 0 121.448775 31.02179
B00155QP0F 0 121.413962 31.037554
B00156DX69 0 121.466283 31.037454
B001559T00 0 121.40543 31.041827
B00155QPMW 0 121.40989 31.016084
B00155QDOC 0 121.431055 31.016841
B00155DKUI 0 121.420129 31.020879
B00155Q5VX 0 121.459527 31.017674
B00155QPA1 0 121.394461 31.015805
B001556M18 0 121.410799 31.029394
B00155N1T9 0 121.468475 31.037722
B00155QO5F 0 121.39528 31.027886
B00156D3Q8 0 121.467832 31.04276
B00155QVKZ 0 121.463851 31.04025
B00155BDKP 0 121.426812 31.040409
B00155QFQU 0 121.425933 31.016395
B00156DYA5 0 121.46494 31.03919
B00155QPLW 0 121.421072 31.032345
B00155E85L 0 121.464418 31.042656
B00156DY5J 0 121.412287 31.016525
B00156EKKZ 0 121.43307 31.037955
B00155EIDB 0 121.39452 31.035711
B00155E8US 0 121.460955 31.042502
B00155QUUY 0 121.458718 31.039321
B00154RLX3 0 121.412737 31.024674
B00155QPD1 0 121.391115 31.021456
B00156D3NU 0 121.473495 31.043097
B00155BG8V 0 121.412464 31.044825
B00155D9FU 0 121.404056 31.024148
B00155QFRN 0 121.418623 31.017524
B00155FF0K 0 121.467639 31.043466
B00155QOS2 0 121.400594 31.039362
B00155NARV 0 121.409385 31.015682
B00156F33S 0 121.41989 31.020215
B00156F45K 0 121.425299 31.01989
B00155NKD0 0 121.435185 31.01902
B00155R2JK 0 121.42872 31.034369
B00155R2JJ 0 121.428191 31.034168
B00155R2JM 0 121.431243 31.028693
B00155R2JL 0 121.430767 31.028548
B00155R2JG 0 121.430767 31.028548
B00155MJJA 0 121.431243 31.028693
B00155PALD 0 121.426011 31.0271
B00155PALE 0 121.473233 31.029462
B00155PWU9 0 121.408534 31.033598
B00155PWUA 0 121.416552 31.036637
B00155PWTY 0 121.393116 31.026735
B00155PWTZ 0 121.40934 31.040153
B00155PAL7 0 121.43536 31.028767
B00155PWU1 0 121.446746 31.029087
B00155PWU2 0 121.441538 31.021788
B00155PWU3 0 121.441397 31.031978
B00155PWU4 0 121.439228 31.025233
B00155PWU5 0 121.455221 31.03066
B00155PAO5 0 121.441055 31.02321
B00155PWWD 0 121.431388 31.04107
B00156EBG6 0 121.457221 31.041551
B00156EX4E 0 121.404326 31.017256
B00155PWW2 0 121.427081 31.039255
B00155PWWR 0 121.438367 31.022929
B00155PAOE 0 121.453318 31.026579
B00155PAR4 0 121.43279 31.029249
B00155PWZK 0 121.394332 31.040709
B00156EX3U 0 121.402952 31.020778
B00155PWXC 0 121.420026 31.031077
B00155PWX6 0 121.452531 31.022066
B00156F98W 0 121.459598 31.03567
B00156DUZ0 0 121.409637 31.016071
B00155PX0G 0 121.410654 31.042413
B00155PWXQ 0 121.44224 31.026868
B00155PX5Z 0 121.467147 31.029803
B00156EBAW 0 121.47052 31.025705
B00156EBBD 0 121.38888 31.04518
B00155PWYB 0 121.433887 31.025324
B00155PWWV 0 121.431871 31.019317
B00156DUYH 0 121.39396 31.035198
B00156EBBA 0 121.423333 31.033529
B00155PAYK 0 121.45597 31.038285
B00155PWWU 0 121.445202 31.023161
B00155PALO 0 121.47642 31.036899
B00156EBGS 0 121.428225 31.041788
B00156DUZC 0 121.441995 31.04075
B00155PWZI 0 121.383554 31.036127
B00155PAMN 0 121.415175 31.01718
B00155PAQT 0 121.421915 31.042641
B00155PWXP 0 121.435843 31.025633
B00156EX3S 0 121.463494 31.045397
B00155PWVO 0 121.390045 31.040534
B00155PAOV 0 121.422237 31.023943
B00156EBBB 0 121.390727 31.021235
B00155PWZY 0 121.40894 31.042672
B00155PAON 0 121.439722 31.026151
B00155PWYK 0 121.41191 31.020439
B00155PWW6 0 121.458194 31.021787
B00155PAMD 0 121.464063 31.043287
B00155PWXW 0 121.436451 31.032003
B00155PWWM 0 121.452756 31.02864
B00155PWUI 0 121.425918 31.028569
B00155PWXS 0 121.465851 31.043272
B00155PAO6 0 121.438533 31.027445
B00155PANB 0 121.458557 31.020439
B00155PANW 0 121.426856 31.025224
B00156EJZB 0 121.419328 31.02645
B00156EX4F 0 121.414144 31.019866
B00156DUYP 0 121.415443 31.02388
B00155PX2O 0 121.463753 31.033503
B00156EBBI 0 121.42257 31.035338
B00156DUZE 0 121.395145 31.045181
B00156DUZI 0 121.401294 31.021112
B00155PWWT 0 121.442333 31.029799
B00155PWYG 0 121.457814 31.023743
B00156DUYM 0 121.448878 31.028506
B00156EJSA 0 121.414596 31.040168
B00156EK14 0 121.459948 31.029255
B00156EBAY 0 121.464709 31.030538
B00155PAN4 0 121.383226 31.036732
B00156EX3V 0 121.412119 31.0205
B00155PWUJ 0 121.426214 31.019831
B00155PX6K 0 121.45203 31.025261
B00155PAO7 0 121.428629 31.024867
B00155PAOS 0 121.483382 31.019148
B00156EBG5 0 121.43091 31.03829
B00155PWW5 0 121.452547 31.017739
B00156DVXZ 0 121.474382 31.01955
B00155PX07 0 121.433711 31.029698
B00155PAQN 0 121.384975 31.032773
B00156EBAZ 0 121.464647 31.033184
B00155PAP6 0 121.43407 31.022322
B00156EBAX 0 121.471125 31.0216
B00156EBB9 0 121.420776 31.039058
B00156EBG3 0 121.478804 31.045033
B00155PANZ 0 121.442406 31.025126
B00155PWVP 0 121.410114 31.028894
B00156DUZG 0 121.449541 31.0362
B00155PWWX 0 121.444539 31.029664
B00156EBAT 0 121.430739 31.034983
B00155PANX 0 121.432133 31.023185
B00155PWWL 0 121.452645 31.030024
B00155PWZR 0 121.42146 31.045274
B00155PX3B 0 121.456411 31.022332
B00155PAO3 0 121.445922 31.027362
B00156EBAI 0 121.387365 31.029927
B00156EBAR 0 121.453652 31.044391
B00155PWXJ 0 121.424468 31.020376
B00155PWVQ 0 121.439827 31.042093
B00156EBB8 0 121.420269 31.040186
B00155PAN0 0 121.406532 31.035053
B00156EBAS 0 121.451181 31.041933
B00156DUYU 0 121.417342 31.025853
